#group: free  frags first [ 2^0   2^1   2^2   2^3   2^4   2^5   2^6   2^7   2^8   2^9   2^10  2^11  2^12  2^13  ]
#0    : 577   13    31691 [ 5     8     5     3     2     1     1     3     0     0     0     0     0     0     ]
#1    : 1715  88    2748  [ 87    30    22    11    13    5     2     5     1     0     0     0     0     0     ]
#2    : 1548  59    1819  [ 48    20    19    23    1     5     2     1     3     0     0     0     0     0     ]
#3    : 4121  226   688   [ 201   100   48    23    5     2     2     2     11    0     0     0     0     0     ]
#4    : 1555  39    1536  [ 29    15    10    10    8     1     1     1     4     0     0     0     0     0     ]
#5    : 800   36    688   [ 28    14    10    4     4     1     3     1     1     0     0     0     0     0     ]
#6    : 48    3     22000 [ 0     0     0     0     3     0     0     0     0     0     0     0     0     0     ]
#7    : 5724  216   704   [ 168   138   94    43    81    4     5     2     10    0     0     0     0     0     ]
#8    : 1447  25    132   [ 15    12    12    10    8     6     1     1     3     0     0     0     0     0     ]
#9    : 690   12    729   [ 12    7     4     1     2     1     1     0     2     0     0     0     0     0     ]
#10   : 377   12    3512  [ 1     0     0     9     1     1     0     2     0     0     0     0     0     0     ]
#11   : 5702  136   90    [ 88    71    56    64    38    3     3     8     11    0     0     0     0     0     ]
#12   : 1001  4     25856 [ 1     0     0     1     0     1     1     1     3     0     0     0     0     0     ]
#13   : 1878  54    4416  [ 28    23    23    26    4     5     6     5     1     0     0     0     0     0     ]
#14   : 2357  68    224   [ 49    20    11    12    9     6     4     4     4     0     0     0     0     0     ]
#15   : 1765  44    3558  [ 35    31    23    17    14    10    2     2     2     0     0     0     0     0     ]
#16   : 0     0     32768 [ 0     0     0     0     0     0     0     0     0     0     0     0     0     0     ]
#17   : 0     0     16830 [ 0     0     0     0     0     0     0     0     0     0     0     0     0     0     ]
#18   : 0     0     3072  [ 0     0     0     0     0     0     0     0     0     0     0     0     0     0     ]
#19   : 0     0     3636  [ 0     0     0     0     0     0     0     0     0     0     0     0     0     0     ]
#20   : 0     0     14336 [ 0     0     0     0     0     0     0     0     0     0     0     0     0     0     ]
#21   : 194   23    14696 [ 14    8     5     4     3     0     1     0     0     0     0     0     0     0     ]
#22   : 483   26    504   [ 23    14    4     10    1     0     1     0     1     0     0     0     0     0     ]
#23   : 154   5     5248  [ 0     3     1     0     1     0     0     1     0     0     0     0     0     0     ]
#24   : 560   17    9608  [ 2     3     2     12    2     1     0     1     1     0     0     0     0     0     ]
#25   : 627   24    876   [ 11    12    12    6     5     1     0     1     1     0     0     0     0     0     ]
#26   : 230   7     3196  [ 2     4     3     2     0     2     0     1     0     0     0     0     0     0     ]
#27   : 216   7     758   [ 2     5     5     3     2     0     0     1     0     0     0     0     0     0     ]
#28   : 614   19    2048  [ 16    5     5     3     4     1     1     1     1     0     0     0     0     0     ]
#29   : 804   24    3500  [ 18    13    6     4     2     3     3     1     1     0     0     0     0     0     ]
#30   : 549   17    2424  [ 11    5     8     4     1     0     1     3     0     0     0     0     0     0     ]
#31   : 4007  52    634   [ 33    33    15    13    6     6     0     1     1     0     1     1     0     0     ]
#32   : 45    2     28261 [ 1     2     0     3     1     0     0     0     0     0     0     0     0     0     ]
#33   : 3508  67    8193  [ 56    32    21    15    15    4     0     0     3     0     0     1     0     0     ]
#34   : 650   19    632   [ 6     6     10    12    1     1     1     1     1     0     0     0     0     0     ]
#35   : 0     0     32768 [ 0     0     0     0     0     0     0     0     0     0     0     0     0     0     ]
#36   : 2122  44    19168 [ 26    28    16    17    13    9     7     1     3     0     0     0     0     0     ]
#37   : 2752  53    18432 [ 42    31    14    12    6     7     2     4     6     0     0     0     0     0     ]
#38   : 6045  111   310   [ 85    58    37    34    11    16    8     13    10    0     0     0     0     0     ]
#39   : 198   12    9328  [ 0     1     1     2     11    0     0     0     0     0     0     0     0     0     ]
#40   : 1090  24    112   [ 10    10    9     8     8     0     1     2     2     0     0     0     0     0     ]
#41   : 704   20    20720 [ 12    6     2     6     3     2     2     1     1     0     0     0     0     0     ]
#42   : 726   10    7120  [ 6     6     7     5     6     3     1     1     1     0     0     0     0     0     ]
#43   : 0     0     32768 [ 0     0     0     0     0     0     0     0     0     0     0     0     0     0     ]
#44   : 0     0     32768 [ 0     0     0     0     0     0     0     0     0     0     0     0     0     0     ]
#45   : 0     0     32768 [ 0     0     0     0     0     0     0     0     0     0     0     0     0     0     ]
#46   : 0     0     32768 [ 0     0     0     0     0     0     0     0     0     0     0     0     0     0     ]
#47   : 0     0     32768 [ 0     0     0     0     0     0     0     0     0     0     0     0     0     0     ]
#48   : 0     0     32768 [ 0     0     0     0     0     0     0     0     0     0     0     0     0     0     ]
#49   : 569   2     1038  [ 1     2     1     2     4     1     1     1     1     0     0     0     0     0     ]
#50   : 0     0     32768 [ 0     0     0     0     0     0     0     0     0     0     0     0     0     0     ]
#51   : 0     0     32768 [ 0     0     0     0     0     0     0     0     0     0     0     0     0     0     ]
#52   : 0     0     32768 [ 0     0     0     0     0     0     0     0     0     0     0     0     0     0     ]
#53   : 0     0     32768 [ 0     0     0     0     0     0     0     0     0     0     0     0     0     0     ]
#54   : 0     0     32768 [ 0     0     0     0     0     0     0     0     0     0     0     0     0     0     ]
#55   : 0     0     32768 [ 0     0     0     0     0     0     0     0     0     0     0     0     0     0     ]
#56   : 0     0     32768 [ 0     0     0     0     0     0     0     0     0     0     0     0     0     0     ]
#57   : 0     0     32768 [ 0     0     0     0     0     0     0     0     0     0     0     0     0     0     ]
#58   : 0     0     32768 [ 0     0     0     0     0     0     0     0     0     0     0     0     0     0     ]
#59   : 0     0     32768 [ 0     0     0     0     0     0     0     0     0     0     0     0     0     0     ]
#60   : 405   7     9143  [ 5     4     6     4     3     1     2     1     0     0     0     0     0     0     ]
#61   : 0     0     32768 [ 0     0     0     0     0     0     0     0     0     0     0     0     0     0     ]
#62   : 1711  73    20096 [ 67    40    19    18    4     4     6     2     2     0     0     0     0     0     ]
#63   : 549   28    4091  [ 31    11    8     2     0     0     1     1     1     0     0     0     0     0     ]
#64   : 0     0     32768 [ 0     0     0     0     0     0     0     0     0     0     0     0     0     0     ]
#65   : 768   17    472   [ 8     12    10    7     8     2     3     0     1     0     0     0     0     0     ]
#66   : 273   11    12268 [ 9     8     4     3     1     0     1     1     0     0     0     0     0     0     ]
#67   : 147   2     22992 [ 1     1     0     0     1     0     0     1     0     0     0     0     0     0     ]
#68   : 99    4     2500  [ 3     0     2     3     2     1     0     0     0     0     0     0     0     0     ]
#69   : 4073  106   2560  [ 55    49    48    46    18    2     3     8     7     0     0     0     0     0     ]
#70   : 3349  75    0     [ 37    30    23    31    44    19    13    6     0     0     0     0     0     0     ]
#71   : 1234  38    2928  [ 16    17    14    13    10    1     1     4     1     0     0     0     0     0     ]
#72   : 2261  47    358   [ 21    22    21    22    21    10    0     2     4     0     0     0     0     0     ]
#73   : 642   20    12752 [ 4     5     7     9     3     1     1     1     1     0     0     0     0     0     ]
#74   : 4956  93    16608 [ 58    63    41    36    52    33    16    7     2     0     0     0     0     0     ]
#75   : 25066 325   0     [ 188   159   150   121   263   75    14    5     8     5     4     1     1     0     ]
#76   : 2498  34    512   [ 14    10    8     18    5     9     2     4     5     0     0     0     0     0     ]
#77   : 119   5     1528  [ 1     1     1     2     2     0     1     0     0     0     0     0     0     0     ]
#78   : 105   4     7142  [ 3     3     0     2     3     1     0     0     0     0     0     0     0     0     ]
#79   : 87    4     16377 [ 3     4     3     2     1     1     0     0     0     0     0     0     0     0     ]
#80   : 0     0     32768 [ 0     0     0     0     0     0     0     0     0     0     0     0     0     0     ]
#81   : 0     0     10895 [ 0     0     0     0     0     0     0     0     0     0     0     0     0     0     ]
#82   : 0     0     32768 [ 0     0     0     0     0     0     0     0     0     0     0     0     0     0     ]
#83   : 0     0     3455  [ 0     0     0     0     0     0     0     0     0     0     0     0     0     0     ]
#84   : 0     0     32768 [ 0     0     0     0     0     0     0     0     0     0     0     0     0     0     ]
#85   : 0     0     32768 [ 0     0     0     0     0     0     0     0     0     0     0     0     0     0     ]
#86   : 336   6     3410  [ 2     3     4     3     2     2     1     1     0     0     0     0     0     0     ]
#87   : 140   6     3572  [ 2     5     4     2     0     1     1     0     0     0     0     0     0     0     ]
#88   : 102   4     1881  [ 2     2     2     1     1     0     1     0     0     0     0     0     0     0     ]
#89   : 0     0     32768 [ 0     0     0     0     0     0     0     0     0     0     0     0     0     0     ]
#90   : 0     0     32768 [ 0     0     0     0     0     0     0     0     0     0     0     0     0     0     ]
#91   : 266   5     17891 [ 4     1     3     3     2     0     1     1     0     0     0     0     0     0     ]
#92   : 17    2     13091 [ 1     0     0     0     1     0     0     0     0     0     0     0     0     0     ]
#93   : 84    2     4085  [ 2     1     0     2     0     0     1     0     0     0     0     0     0     0     ]
#94   : 46    1     26370 [ 0     1     1     1     2     0     0     0     0     0     0     0     0     0     ]
#95   : 612   11    26015 [ 6     5     5     4     2     2     1     3     0     0     0     0     0     0     ]
#96   : 0     0     32768 [ 0     0     0     0     0     0     0     0     0     0     0     0     0     0     ]
#97   : 0     0     2626  [ 0     0     0     0     0     0     0     0     0     0     0     0     0     0     ]
#98   : 0     0     32768 [ 0     0     0     0     0     0     0     0     0     0     0     0     0     0     ]
#99   : 19    1     13656 [ 1     1     0     0     1     0     0     0     0     0     0     0     0     0     ]
#100  : 2499  56    0     [ 43    22    11    4     4     7     6     5     4     0     0     0     0     0     ]
#101  : 0     0     32768 [ 0     0     0     0     0     0     0     0     0     0     0     0     0     0     ]
#102  : 490   9     3159  [ 8     9     4     4     4     3     0     2     0     0     0     0     0     0     ]
#103  : 282   5     14830 [ 0     3     1     4     3     2     0     1     0     0     0     0     0     0     ]
#104  : 196   4     5974  [ 2     3     1     3     0     1     0     1     0     0     0     0     0     0     ]
#105  : 1069  8     3002  [ 3     5     4     2     2     3     4     1     2     0     0     0     0     0     ]
#106  : 0     0     15872 [ 0     0     0     0     0     0     0     0     0     0     0     0     0     0     ]
#107  : 0     0     32768 [ 0     0     0     0     0     0     0     0     0     0     0     0     0     0     ]
#108  : 12257 56    6842  [ 17    26    35    34    12    6     2     2     1     1     0     1     0     1     ]
#109  : 0     0     4612  [ 0     0     0     0     0     0     0     0     0     0     0     0     0     0     ]
#110  : 1970  40    6768  [ 34    20    10    8     6     9     6     6     1     0     0     0     0     0     ]
#111  : 476   7     7134  [ 2     3     3     3     1     3     1     0     1     0     0     0     0     0     ]
#112  : 0     0     32768 [ 0     0     0     0     0     0     0     0     0     0     0     0     0     0     ]
#113  : 0     0     32768 [ 0     0     0     0     0     0     0     0     0     0     0     0     0     0     ]
#114  : 17    2     9728  [ 1     0     0     0     1     0     0     0     0     0     0     0     0     0     ]
#115  : 210   3     14151 [ 2     0     2     3     3     2     1     0     0     0     0     0     0     0     ]
#116  : 188   3     26255 [ 4     4     4     2     1     2     1     0     0     0     0     0     0     0     ]
#117  : 1561  54    2048  [ 39    35    29    15    6     3     6     3     1     0     0     0     0     0     ]
#118  : 26155 4     0     [ 1     3     1     2     1     2     1     3     0     2     2     3     2     1     ]
#119  : 0     0     32768 [ 0     0     0     0     0     0     0     0     0     0     0     0     0     0     ]
#120  : 180   5     734   [ 2     5     2     0     0     1     0     1     0     0     0     0     0     0     ]
#121  : 0     0     32768 [ 0     0     0     0     0     0     0     0     0     0     0     0     0     0     ]
#122  : 0     0     32768 [ 0     0     0     0     0     0     0     0     0     0     0     0     0     0     ]
#123  : 0     0     28672 [ 0     0     0     0     0     0     0     0     0     0     0     0     0     0     ]
#124  : 39    3     10212 [ 1     1     3     1     1     0     0     0     0     0     0     0     0     0     ]
#125  : 0     0     32768 [ 0     0     0     0     0     0     0     0     0     0     0     0     0     0     ]
#126  : 100   2     16357 [ 2     1     0     2     1     0     1     0     0     0     0     0     0     0     ]
#127  : 202   9     15804 [ 6     4     5     3     1     0     0     1     0     0     0     0     0     0     ]
#128  : 0     0     32768 [ 0     0     0     0     0     0     0     0     0     0     0     0     0     0     ]
#129  : 0     0     26332 [ 0     0     0     0     0     0     0     0     0     0     0     0     0     0     ]
#130  : 0     0     20861 [ 0     0     0     0     0     0     0     0     0     0     0     0     0     0     ]
#131  : 0     0     32768 [ 0     0     0     0     0     0     0     0     0     0     0     0     0     0     ]
#132  : 0     0     32768 [ 0     0     0     0     0     0     0     0     0     0     0     0     0     0     ]
#133  : 0     0     32768 [ 0     0     0     0     0     0     0     0     0     0     0     0     0     0     ]
#134  : 594   17    320   [ 14    14    8     5     4     1     2     0     1     0     0     0     0     0     ]
#135  : 0     0     2048  [ 0     0     0     0     0     0     0     0     0     0     0     0     0     0     ]
#136  : 114   3     9981  [ 2     2     1     1     0     1     1     0     0     0     0     0     0     0     ]
#137  : 0     0     32768 [ 0     0     0     0     0     0     0     0     0     0     0     0     0     0     ]
#138  : 197   5     21900 [ 3     3     1     1     3     2     1     0     0     0     0     0     0     0     ]
#139  : 9503  28    11908 [ 27    18    14    13    10    9     8     3     1     1     1     1     1     0     ]
#140  : 32768 1     0     [ 0     0     0     0     0     0     0     0     0     0     0     0     0     4     ]
#141  : 30720 2     0     [ 0     0     0     0     0     0     0     0     0     0     0     1     1     3     ]
#142  : 30720 2     0     [ 0     0     0     0     0     0     0     0     0     0     0     1     1     3     ]
#143  : 30720 2     0     [ 0     0     0     0     0     0     0     0     0     0     0     1     1     3     ]
#144  : 0     0     32768 [ 0     0     0     0     0     0     0     0     0     0     0     0     0     0     ]
#145  : 32768 1     0     [ 0     0     0     0     0     0     0     0     0     0     0     0     0     4     ]
#146  : 32768 1     0     [ 0     0     0     0     0     0     0     0     0     0     0     0     0     4     ]
#147  : 32768 1     0     [ 0     0     0     0     0     0     0     0     0     0     0     0     0     4     ]
#148  : 30306 3     0     [ 0     1     0     0     0     1     1     0     0     1     1     2     2     2     ]
#149  : 32768 1     0     [ 0     0     0     0     0     0     0     0     0     0     0     0     0     4     ]
#150  : 30721 2     0     [ 1     0     0     2     1     1     1     1     1     1     1     0     1     3     ]
#151  : 32768 1     0     [ 0     0     0     0     0     0     0     0     0     0     0     0     0     4     ]
#152  : 32768 1     0     [ 0     0     0     0     0     0     0     0     0     0     0     0     0     4     ]
#153  : 30720 2     0     [ 0     0     0     0     0     0     0     0     0     0     0     1     1     3     ]
#154  : 32768 1     0     [ 0     0     0     0     0     0     0     0     0     0     0     0     0     4     ]
#155  : 32732 2     0     [ 0     0     1     1     1     0     1     1     1     1     1     1     1     3     ]
#156  : 32768 1     0     [ 0     0     0     0     0     0     0     0     0     0     0     0     0     4     ]
#157  : 30720 2     0     [ 0     0     0     0     0     0     0     0     0     0     0     1     1     3     ]
#158  : 30720 2     0     [ 0     0     0     0     0     0     0     0     0     0     0     1     1     3     ]
#159  : 30720 2     0     [ 0     0     0     0     0     0     0     0     0     0     0     1     1     3     ]
#160  : 0     0     32768 [ 0     0     0     0     0     0     0     0     0     0     0     0     0     0     ]
#161  : 28659 4     0     [ 3     0     0     0     1     1     1     1     1     1     1     1     0     3     ]
#162  : 30946 2     0     [ 0     1     0     0     0     1     1     1     0     0     0     1     1     3     ]
#163  : 30720 2     0     [ 0     0     0     0     0     0     0     0     0     0     0     1     1     3     ]
#164  : 28915 3     0     [ 1     1     0     0     1     1     1     1     0     0     0     2     2     2     ]
#165  : 30624 3     0     [ 0     0     0     0     2     0     2     2     2     2     2     1     2     2     ]
#166  : 16080 10    7788  [ 4     2     6     4     3     3     0     2     1     0     1     1     1     1     ]
#167  : 28672 3     0     [ 0     0     0     0     0     0     0     0     0     0     0     2     2     2     ]
#168  : 6502  8     4798  [ 0     3     4     2     2     3     1     1     2     1     1     0     1     0     ]
#169  : 26624 4     0     [ 0     0     0     0     0     0     0     0     0     2     1     2     3     1     ]
#170  : 11768 104   0     [ 56    58    59    58    49    2     5     0     0     1     1     0     0     1     ]
#171  : 12577 2     12007 [ 1     0     0     2     1     0     0     0     1     0     0     0     1     1     ]
#172  : 27723 4     0     [ 3     2     3     1     1     1     2     3     2     2     1     2     3     1     ]
#173  : 25856 4     0     [ 0     0     0     0     0     0     0     0     1     2     0     2     1     2     ]
#174  : 28672 3     0     [ 0     0     0     0     0     0     0     0     0     0     0     2     0     3     ]
#175  : 30720 2     0     [ 0     0     0     0     0     0     0     0     0     0     0     1     1     3     ]
#176  : 0     0     32768 [ 0     0     0     0     0     0     0     0     0     0     0     0     0     0     ]
#177  : 28672 4     0     [ 0     0     0     0     0     0     0     0     0     2     1     3     1     2     ]
#178  : 26495 16    0     [ 13    3     3     4     2     5     2     2     1     4     1     3     2     1     ]
#179  : 2249  64    16384 [ 35    31    36    43    22    5     2     2     1     1     0     0     0     0     ]
#180  : 1871  132   2492  [ 75    70    72    73    45    2     0     0     0     0     0     0     0     0     ]
#181  : 909   40    2708  [ 25    24    27    19    14    9     1     0     0     0     0     0     0     0     ]
#182  : 3642  45    586   [ 32    33    26    14    10    11    8     8     5     0     0     0     0     0     ]
#183  : 11480 9     4437  [ 4     4     3     6     1     4     2     1     1     1     0     1     0     1     ]
#184  : 2369  42    2047  [ 23    21    20    16    19    10    1     7     2     0     0     0     0     0     ]
#185  : 19541 9     0     [ 7     5     5     4     3     3     6     4     4     2     4     2     0     1     ]
#186  : 9253  8     2033  [ 7     7     6     5     7     5     9     5     4     1     2     0     1     0     ]
#187  : 22881 5     0     [ 1     0     0     0     0     1     1     0     1     0     0     1     3     1     ]
#188  : 3982  2     0     [ 0     1     1     1     0     0     0     1     1     1     1     1     0     0     ]
#189  : 0     0     17920 [ 0     0     0     0     0     0     0     0     0     0     0     0     0     0     ]
#190  : 131   5     11771 [ 3     4     4     1     0     1     1     0     0     0     0     0     0     0     ]
#191  : 283   2     6896  [ 1     1     0     1     1     0     0     0     1     0     0     0     0     0     ]
#192  : 24592 1     8176  [ 0     0     0     0     1     0     0     0     0     0     0     0     0     3     ]
#193  : 327   2     10229 [ 1     1     1     2     1     1     0     0     1     0     0     0     0     0     ]
#194  : 455   3     4096  [ 1     1     1     0     0     0     1     1     1     0     0     0     0     0     ]
#195  : 13    1     18432 [ 1     2     0     1     0     0     0     0     0     0     0     0     0     0     ]
